@relation 'AT: kc1-class-level-numericdefect-weka.filters.unsupervised.attribute.ReplaceMissingValues-weka.filters.unsupervised.attribute.NominalToBinary-Rfirst-last-weka.filters.unsupervised.attribute.Remove-R2,11-17,95-weka.filters.unsupervised.attribute.Standardize_principal components'

@attribute -0.14maxLOC_EXECUTABLE-0.139maxLOC_TOTAL-0.139maxNUM_OPERANDS-0.139avgHALSTEAD_LENGTH-0.138maxHALSTEAD_LENGTH... numeric
@attribute -0.287minHALSTEAD_VOLUME-0.285minHALSTEAD_EFFORT-0.285minHALSTEAD_PROG_TIME-0.28minHALSTEAD_LENGTH-0.279minNUM_UNIQUE_OPERANDS... numeric
@attribute -0.228WEIGHTED_METHODS_PER_CLASS-0.21sumNUM_UNIQUE_OPERATORS-0.201sumHALSTEAD_DIFFICULTY-0.184sumHALSTEAD_LEVEL-0.181sumESSENTIAL_COMPLEXITY... numeric
@attribute 0.236maxLOC_CODE_AND_COMMENT+0.224avgHALSTEAD_LEVEL+0.217sumLOC_CODE_AND_COMMENT+0.194maxHALSTEAD_PROG_TIME+0.194maxHALSTEAD_EFFORT... numeric
@attribute -0.321avgHALSTEAD_LEVEL-0.289LACK_OF_COHESION_OF_METHODS+0.289minLOC_EXECUTABLE-0.279minHALSTEAD_LEVEL+0.247minLOC_TOTAL... numeric
@attribute -0.425avgLOC_CODE_AND_COMMENT-0.415sumLOC_CODE_AND_COMMENT-0.357maxLOC_CODE_AND_COMMENT-0.289avgLOC_COMMENTS-0.276sumLOC_COMMENTS... numeric
@attribute '0.324RESPONSE_FOR_CLASS+0.297sumHALSTEAD_LEVEL-0.297minHALSTEAD_LEVEL+0.291FAN_IN+0.29 COUPLING_BETWEEN_OBJECTS...' numeric
@attribute -0.375DEPTH-0.334FAN_IN+0.319maxHALSTEAD_LEVEL+0.291sumHALSTEAD_LEVEL-0.262RESPONSE_FOR_CLASS... numeric
@attribute 0.408maxHALSTEAD_LEVEL-0.27maxLOC_COMMENTS+0.255DEP_ON_CHILD-0.251PERCENT_PUB_DATA+0.224DEPTH... numeric
@attribute -0.679NUM_OF_CHILDREN-0.429DEP_ON_CHILD-0.389PERCENT_PUB_DATA+0.294maxHALSTEAD_LEVEL+0.097DEPTH... numeric
@attribute -0.455PERCENT_PUB_DATA+0.452DEP_ON_CHILD-0.268minLOC_TOTAL-0.237minLOC_EXECUTABLE-0.209maxHALSTEAD_LEVEL... numeric
@attribute -0.434NUM_OF_CHILDREN-0.247avgHALSTEAD_CONTENT-0.247minHALSTEAD_LEVEL+0.234LACK_OF_COHESION_OF_METHODS+0.232DEP_ON_CHILD... numeric
@attribute '0.447DEP_ON_CHILD+0.36 minLOC_TOTAL+0.301maxHALSTEAD_LEVEL+0.254avgHALSTEAD_LEVEL+0.239sumLOC_COMMENTS...' numeric
@attribute -0.401LACK_OF_COHESION_OF_METHODS-0.341DEP_ON_CHILD+0.289maxLOC_COMMENTS+0.272NUM_OF_CHILDREN+0.251maxHALSTEAD_LEVEL... numeric
@attribute -0.265RESPONSE_FOR_CLASS+0.256maxHALSTEAD_LEVEL-0.252maxLOC_BLANK-0.249maxHALSTEAD_DIFFICULTY-0.246maxNUM_UNIQUE_OPERATORS... numeric
@attribute -0.433PERCENT_PUB_DATA+0.339maxLOC_BLANK+0.292avgLOC_BLANK+0.281NUM_OF_CHILDREN+0.249maxHALSTEAD_CONTENT... numeric
@attribute -0.363FAN_IN+0.259WEIGHTED_METHODS_PER_CLASS+0.245avgESSENTIAL_COMPLEXITY+0.237sumHALSTEAD_LEVEL-0.23LACK_OF_COHESION_OF_METHODS... numeric
@attribute DL {_TRUE,FALSE}

@data
-24.413026,0.2834,-10.028998,1.69405,-0.014457,3.252051,0.025558,-2.984835,-2.269033,-0.426537,0.836323,-0.427646,1.649781,2.582945,3.420023,-0.974943,0.497629,_TRUE
-14.3398,1.835939,0.15149,-0.223276,-1.044388,2.848952,0.724081,-2.035973,0.106252,0.223452,-0.333881,-0.986369,-0.247763,-0.318898,1.748014,-0.392391,-0.212044,_TRUE
-6.421117,3.840962,-8.165297,0.084462,1.328081,-1.129822,4.831471,4.141364,-0.877971,-0.327694,-2.824922,-0.932196,0.193569,-1.570334,-0.688237,-0.253575,2.247108,_TRUE
-12.7878,-3.693044,-1.843316,-2.825364,-2.612376,0.123836,0.033393,-0.82121,-0.946572,0.312514,1.730522,-1.011891,-0.35399,0.333431,1.492716,-0.243712,0.923172,_TRUE
-3.33008,3.133193,-1.067865,1.499721,0.236354,1.165456,2.181929,0.453544,0.64834,0.068074,-0.246524,0.644961,-0.877653,0.170792,-0.205649,1.007178,0.420381,_TRUE
-0.816448,1.605342,0.193305,-1.578276,0.593626,-0.070184,0.677667,2.40095,0.624096,0.989666,-0.536609,-0.435202,0.975026,0.161311,1.090938,-0.267533,-0.095176,_TRUE
-2.919642,-2.376398,0.7777,1.107689,-1.655977,2.067299,1.520853,-0.943068,0.086255,0.515582,1.673646,-0.51124,-1.638612,0.171164,0.657201,-0.71138,-1.122721,_TRUE
-0.52626,2.485209,0.11546,-0.819855,0.58602,0.540224,1.264764,0.128113,0.457004,0.326795,0.234661,-0.142947,-0.739408,-0.759177,0.298527,0.264421,-0.335681,_TRUE
-1.824933,1.639517,2.168587,1.670638,-0.220565,2.685881,1.423631,1.055101,3.324186,-4.462779,3.876735,1.933501,3.135734,-2.350485,-0.288454,-0.945337,0.934334,_TRUE
-1.361075,1.656612,1.979473,1.193923,-0.482521,2.843798,1.549679,1.095694,3.263172,-4.46331,3.856729,1.951521,3.155156,-2.32187,-0.363274,-0.888263,1.031835,_TRUE
-1.199446,0.466609,3.297055,-3.152414,1.812685,0.337202,-0.360351,1.207232,0.217352,-4.117891,0.024805,-4.36281,-0.729597,1.482315,-0.070196,0.428823,-0.114546,_TRUE
3.664124,2.908877,-0.761812,-0.693393,-0.225991,-0.133304,1.379841,0.715207,1.709306,1.349715,-1.03133,0.184173,0.700993,0.254255,0.662263,0.287834,0.21798,FALSE
0.4325,1.470756,2.560175,-1.257251,1.295472,0.851684,-0.811563,1.392311,-0.899356,0.808951,0.111323,-1.503248,0.596368,-0.099533,-0.169474,-0.690631,0.417688,_TRUE
6.278761,-0.954196,-1.638452,0.805374,-1.755355,-0.634478,-2.127424,0.555497,0.027668,-2.700706,-2.110519,-0.772625,0.928006,0.334369,0.058867,-0.522902,-0.648665,FALSE
5.233231,1.67714,0.304269,-1.609756,2.185388,0.13847,-0.199912,-0.645717,-0.707444,-0.026217,0.109937,-0.035733,0.382002,0.393622,-0.53954,-0.61474,0.089283,FALSE
-13.319232,1.687287,-1.186404,-0.971241,-1.342656,0.314657,2.991837,-1.437122,-1.8852,-0.956236,-1.184594,0.065282,0.218921,-0.772153,0.075265,-1.8185,-1.946313,_TRUE
-6.530887,-0.807777,-0.693972,0.722559,-1.013733,1.466037,0.733835,1.928695,-0.959558,0.805036,1.215828,-0.47846,-0.602127,-0.468622,0.159422,1.402984,-0.243188,_TRUE
1.297243,1.627011,-0.462239,-2.102109,1.112912,-0.043416,1.644528,0.480747,-0.183666,0.483805,0.123532,-1.264667,0.543402,-0.517724,-0.001988,-0.299452,-0.118514,FALSE
3.047943,2.39733,-0.363846,1.53196,-0.229996,0.84003,1.396552,0.451283,-0.363412,0.907389,-0.512224,-0.70978,-0.013579,-1.484851,0.294868,1.111159,-0.131962,FALSE
3.689004,1.806529,-0.106462,-0.83018,0.712835,-0.115467,0.439097,1.815367,0.859861,1.187348,-0.904933,-0.022414,1.242798,-0.023811,0.637631,-0.030228,-0.41032,FALSE
1.309858,1.401509,1.583631,-2.041313,0.978179,-0.100487,0.127016,3.010124,0.065067,1.518038,-0.384574,-1.782543,1.783875,-0.230612,0.918883,-0.4645,-0.141982,_TRUE
6.29587,-1.803304,-1.949015,1.12,-1.668841,-0.002366,-2.616146,-0.206601,-0.502297,0.29996,0.821619,-0.246861,0.189047,-0.364359,0.158816,0.09164,0.012797,FALSE
6.173025,-1.863713,-1.926563,0.905629,-1.194876,0.00742,-2.197959,-0.094997,-0.383644,0.295912,0.648273,0.011413,0.205907,-0.178435,0.042719,0.065952,-0.029475,FALSE
0.565387,-1.301858,-2.281579,2.235978,0.784022,-1.624257,0.531444,0.778061,-0.287283,0.348113,1.92963,0.483978,-1.100075,1.224027,-0.603871,0.185507,0.522221,FALSE
-7.605349,1.091921,4.283337,4.387537,2.743912,0.083208,-1.535917,0.04465,-0.691308,-0.2207,-0.377853,1.274219,0.352733,0.893333,-1.19099,-0.398019,-0.812692,_TRUE
2.18014,-1.404703,-2.273155,0.413814,-0.376231,-0.370529,0.56458,0.880289,-1.044766,0.233948,1.636566,0.375657,-0.932224,1.131335,-0.317214,0.003813,0.57367,_TRUE
0.965947,-6.349258,-1.914723,0.121601,3.505032,-1.216995,0.234185,0.800345,0.144535,0.04755,0.901488,0.671263,-0.146798,0.332963,-0.494383,-0.617263,-1.444914,_TRUE
-1.6838,-2.619304,1.852483,0.893954,-1.257287,-1.369554,-1.273345,1.239859,-1.781139,-1.119802,0.217631,1.278769,-1.892973,-0.166066,-0.041289,-1.065052,0.358133,_TRUE
-9.99923,-2.072054,0.334629,3.706958,-1.922596,0.055959,1.800492,-1.58887,-1.832601,0.053434,0.398008,-0.515472,0.626539,-0.066027,-0.53297,1.947773,0.722046,_TRUE
-2.60489,0.796722,4.48478,2.17221,-1.661028,-2.846937,-1.392209,0.44105,1.383946,-0.262308,-1.984304,2.312258,-0.615303,1.141204,1.179027,-2.541472,-0.102381,FALSE
6.167546,1.872936,0.051373,-1.311005,1.973856,0.134665,-0.71055,-1.12379,-0.398527,0.07666,-0.448314,0.403639,0.9115,0.556593,-0.212535,-0.373068,0.283417,FALSE
-17.674976,2.891343,5.45359,8.861426,5.617788,2.249322,-4.970906,-0.347418,-1.857588,0.576022,-1.586559,-2.112883,0.010144,-3.150377,1.147068,-0.002247,0.225023,_TRUE
-5.496123,2.239383,4.413773,3.538583,-0.516619,3.088757,-2.150689,0.068796,1.393736,0.910413,-1.895205,2.205924,-0.136517,0.994335,-1.428694,0.516722,0.117487,_TRUE
-1.351401,0.62782,3.701598,-2.67241,1.06969,0.401531,0.006124,-0.392812,-1.439036,-0.039392,0.625779,-0.764303,0.14368,-0.799307,-1.092887,0.639063,-0.263783,FALSE
2.807726,1.187962,0.867071,-1.496921,0.8151,-0.515755,0.246827,0.550931,-1.18857,-2.445781,-1.33107,0.245109,-1.016589,-1.13993,0.036411,-0.715983,-0.863237,FALSE
3.835848,-9.939053,-1.72191,-1.694252,3.555907,0.779311,-0.942537,0.809858,-0.788771,-0.568101,-0.194468,-0.095656,0.628439,0.960654,-0.96105,0.042359,-0.506281,FALSE
5.871642,-2.057369,-2.151865,1.080228,-2.131079,0.115592,-1.232105,-1.026836,0.06874,0.531025,0.496614,-0.679082,0.383935,-0.613696,-0.093528,-0.139455,-0.340581,FALSE
4.342466,1.207163,1.312362,-0.401376,3.361749,-2.922818,-1.128798,-1.362701,0.355994,-0.247326,0.758067,0.754788,-0.655498,-0.973225,0.586764,-0.410457,-0.879275,FALSE
5.725118,-2.58157,-2.158319,0.921083,-1.778458,-0.09217,-0.837859,-0.72971,-0.419711,-0.047357,-0.087002,0.022082,-0.326672,-0.751108,0.114781,-0.779644,-0.376708,FALSE
-6.55978,1.449467,1.999306,1.261922,0.882885,-2.917936,0.399716,-0.062952,-0.837818,-0.482224,0.414695,0.301351,-0.197842,-0.492522,1.323012,-0.370417,-0.775292,_TRUE
3.516646,-1.662663,-1.588089,1.225248,-0.060512,-2.105664,-0.547884,1.337959,-0.99534,-0.641043,0.224484,0.279361,-1.477686,-0.748302,0.630123,-1.204205,0.100911,FALSE
2.698219,1.797925,0.505193,-0.215633,-0.309538,0.315943,1.096711,-0.407594,-0.123762,0.285477,0.321292,0.593241,-0.227592,-0.312522,-0.18498,0.562379,-1.010487,_TRUE
4.518313,2.53309,0.695802,-1.57022,1.334267,0.183733,-0.346818,-0.705979,-0.412883,-0.18472,0.583206,0.312231,-1.066894,-0.050657,0.090399,-0.016181,0.513808,FALSE
2.429392,-0.4092,-0.033996,1.064062,-0.675448,0.115741,-0.311599,1.179137,-1.176635,0.513567,0.975287,0.75312,-0.062686,0.686404,-0.165996,0.820046,-0.147502,_TRUE
-3.278284,0.90091,3.906713,-0.864328,-0.702436,1.397365,-0.181831,0.995894,1.848944,1.309054,-0.646359,-1.253871,0.239067,1.016523,0.809426,-0.923453,1.123438,FALSE
5.968253,2.747632,0.374031,-1.604628,2.088295,0.345714,-0.599226,-2.277189,-0.965041,-0.652499,0.066285,0.688013,-0.310619,0.238614,0.22132,0.35317,1.307527,_TRUE
6.221734,2.840853,0.233747,-1.549841,2.141416,0.291535,-0.559486,-2.207293,-1.116799,-0.560891,0.096261,0.627411,-0.198438,0.136398,0.051774,0.348771,1.134394,FALSE
4.593021,2.704813,1.035611,-1.424786,2.088717,0.288445,-0.183825,-0.999756,-1.559154,-0.239676,0.328502,0.129714,-0.025357,-0.088738,-0.04992,0.609105,0.838208,_TRUE
-9.551545,1.131043,1.266009,-1.4882,-0.915009,-0.475006,0.831287,-1.516783,1.668465,0.35862,0.268881,-0.68252,-0.693181,0.29931,0.919167,-0.735076,0.352427,_TRUE
2.233843,2.196698,-0.540174,0.52717,-0.355029,0.457526,2.069844,1.06815,0.073916,0.970153,-0.361461,-0.638787,0.323981,-1.054869,0.371213,1.07579,-0.273788,FALSE
4.239603,2.418337,-2.199868,0.200213,0.152183,-0.69298,1.711927,0.11607,1.049056,-0.490319,-1.145149,-1.346102,-0.69473,-0.654467,-1.702126,0.457373,1.375453,FALSE
-0.471684,-1.587079,1.063322,1.07584,-0.735861,1.131668,0.554495,1.019127,-0.916168,0.708778,0.572963,-0.371583,0.533663,-0.112538,0.354535,1.195669,-0.445076,_TRUE
-28.901403,7.875989,-19.127262,-6.165874,2.2757,1.910289,-6.167023,0.472697,2.016312,0.124323,0.112315,1.943588,-0.743478,-0.815895,-2.30553,0.580481,-1.546871,_TRUE
-9.73953,1.270394,4.055528,2.261926,-2.338769,-1.06199,0.632742,-0.069065,-2.18712,-0.587849,-1.33579,1.822773,1.612245,1.19276,1.011337,1.172902,-0.41266,FALSE
2.28987,1.802073,0.331121,-1.499681,-0.175207,0.038938,0.846529,1.022004,1.247882,1.288626,-0.282646,-0.303208,0.925412,0.288026,0.762629,-0.03933,-0.618111,FALSE
5.757146,2.742849,-0.307743,-0.802605,1.013933,0.106631,-0.023565,-1.095862,0.339155,-0.03853,-0.880416,1.349717,0.149695,-0.36571,0.513826,0.849042,0.478748,FALSE
5.351949,2.767734,-0.023447,-0.631475,0.51657,0.00859,-0.18565,-0.274062,1.229342,0.552437,-1.356548,1.507365,1.093784,0.64016,1.137489,0.798832,0.638665,FALSE
5.809982,2.745359,0.311004,-1.637835,2.061395,0.318785,-0.548778,-2.319225,-0.908218,-0.678435,0.031099,0.67414,-0.332493,0.264247,0.235009,0.371248,1.430681,FALSE
5.9381,1.912997,0.281853,-1.381953,1.329642,0.516862,-0.268433,-2.187853,-0.333441,0.103672,-0.088495,0.490375,-0.073306,0.195326,0.412859,0.15292,0.505014,FALSE
-9.356927,1.128301,1.943049,1.627876,0.915064,-1.542179,-0.438029,-0.981747,3.572383,-5.24999,-1.523629,-2.864806,-1.083226,1.86299,0.644874,1.811401,-1.317615,FALSE
-3.827233,-8.475298,1.377913,-1.994891,0.226827,1.609231,0.803492,-0.288238,1.096066,0.054155,-0.036107,-0.499382,-0.828749,-0.688936,0.455402,0.118208,-0.101861,FALSE
-6.244303,-1.888454,3.208898,1.720988,-0.813068,1.252068,0.00278,-0.830601,0.856597,0.599568,0.426296,-0.499023,-0.875275,0.279548,0.213902,-0.377279,0.391989,FALSE
-4.046667,-14.07588,0.41899,-1.773715,2.124323,0.226455,1.075784,-0.81496,0.652969,0.012136,-1.190371,0.787827,1.088789,-0.039564,0.553094,0.672016,0.157384,_TRUE
-5.065549,-15.836583,1.121833,-2.095129,2.20146,1.537836,0.499106,-0.70154,1.657153,-0.12241,-1.478858,1.082894,-0.427661,-0.535469,0.899191,1.068345,1.324164,FALSE
-2.884216,-15.455198,0.055699,-2.319233,2.237416,1.385424,0.898685,-0.624952,1.288777,0.080425,-1.29262,1.205004,-0.179768,-0.58604,0.268003,1.063322,0.627987,FALSE
0.067278,1.24776,1.690671,-0.613904,-0.338987,0.249401,1.142965,-0.175693,0.979078,0.499469,0.585666,0.205543,-0.707188,0.128898,-0.083715,-0.175712,-0.86562,FALSE
0.024785,-1.745043,0.765152,-0.527462,-0.917705,0.667824,0.280141,0.741943,0.400589,0.656724,1.217562,-0.112104,-1.019867,0.239896,0.016627,0.026085,-0.250383,FALSE
2.569362,2.433384,-0.866278,0.969173,-0.322724,0.447598,1.927917,0.637778,-0.169386,0.863694,-0.295621,-0.615775,-0.261166,-1.343699,0.000823,1.094833,-0.022894,FALSE
0.437181,1.154537,1.757441,-1.280973,-0.679026,-0.223248,1.04659,-0.180606,0.884678,0.509677,0.526322,0.027787,-0.559857,-0.398604,0.254992,0.15093,-0.794162,FALSE
1.604374,1.508305,1.200001,-0.802752,-0.440114,0.472107,0.976758,0.154988,0.581445,0.470619,0.41651,0.222342,-0.40265,-0.149848,0.141377,0.209006,-0.757909,FALSE
2.212116,1.563249,1.072292,-0.809146,-0.489995,0.356614,0.7213,-0.02475,0.620041,0.509291,0.184195,0.179725,-0.253869,-0.337921,0.205709,0.369016,-0.637724,FALSE
5.39575,-0.809971,-1.561236,0.713,-1.92509,0.076762,-0.060483,-1.411769,0.939601,0.940181,-0.26927,-0.530073,0.353695,-0.65326,-0.119569,0.102321,-0.129511,FALSE
5.449689,-0.649781,-1.208374,0.499313,-1.284793,0.158546,-0.657927,-0.597548,0.387307,0.722499,0.137364,-0.062197,0.147127,-0.3922,0.332641,0.084924,-0.332657,FALSE
6.032668,-0.689514,-1.669858,1.093962,-2.51021,0.110218,-1.296025,-1.340034,0.710384,0.803796,-0.05522,-0.483785,0.553249,-0.631782,0.169177,0.096708,-0.232853,FALSE
6.485324,-0.49566,-1.444486,0.573718,-0.955447,-0.113761,-2.725104,-0.19833,0.420745,-1.308776,-0.259204,-1.979392,1.326556,1.570328,-0.458384,0.425056,0.181435,FALSE
-7.474379,1.63355,1.894949,2.879492,0.345987,2.197767,0.748205,-1.130983,0.000657,0.237956,-0.609158,-0.211866,0.207275,0.619761,0.915549,-0.44478,0.118838,_TRUE
1.303007,1.778462,0.412354,0.115471,-0.795468,0.172843,1.274931,0.184896,0.124435,0.06001,-0.537474,0.636884,-0.169619,-0.102073,0.398963,-0.053308,-0.419273,FALSE
-9.288339,-2.037507,-6.119046,7.879744,3.71003,-4.468261,4.655491,-3.6913,2.452893,1.358874,-0.618207,-1.129011,0.921965,0.639835,-2.702949,-1.237693,1.291933,FALSE
-19.743131,0.811507,2.973337,-5.100765,-5.513992,-4.909039,0.704955,-1.004562,-5.331972,-1.056076,-0.513534,0.676276,2.727916,-0.328435,-0.938267,0.424501,0.674979,_TRUE
-5.647937,-1.092127,-2.951491,-1.337988,-0.961061,-0.955662,1.07193,0.880663,-1.074322,0.522674,1.276909,-0.620598,0.131475,0.627101,0.810208,0.11424,0.524304,_TRUE
0.172572,2.518823,-1.584872,-0.26745,-0.357804,0.097605,1.999661,0.81908,1.011748,0.758396,0.093635,0.149448,-0.534244,0.484305,0.265518,0.006729,0.204608,_TRUE
-2.526503,1.372469,2.206116,-0.244219,-0.749326,0.928673,0.814436,0.290508,-0.060173,0.125969,0.69845,0.210786,-0.983687,0.190339,0.102266,0.212306,-0.193446,_TRUE
-1.755447,1.656813,1.695762,1.653706,3.388029,-0.579189,0.339005,-0.004732,-1.718622,-0.235188,0.524614,0.01542,0.48869,1.235536,-0.895004,-0.753557,-0.355393,_TRUE
2.03883,1.641468,0.676455,-1.405302,1.694366,-0.329383,0.549053,0.414692,-1.195654,0.221082,0.137606,-0.12223,0.859798,0.936689,-0.595393,-0.381248,0.190963,_TRUE
-0.028477,2.926378,1.234979,2.585659,0.375182,2.108929,0.923354,0.146459,-0.952011,0.735967,-0.51264,0.205312,-0.051465,-1.066808,-0.671434,1.127938,-0.837405,_TRUE
1.752148,1.534565,0.344949,-2.975739,2.168004,-0.282174,0.487312,1.279233,-1.460236,0.39302,0.407411,-2.408866,0.685053,-0.907299,0.153184,-0.783838,0.641803,_TRUE
2.972898,1.443902,1.127326,-1.899117,2.039422,0.178129,0.017098,0.723154,-0.810963,0.407141,0.09696,-1.09798,0.616169,-0.043597,0.036146,-0.540216,0.229321,_TRUE
2.684147,1.109808,1.54579,-1.419,0.974247,-0.715828,0.290248,-0.330557,-1.013353,-0.149857,0.326018,1.071327,0.154862,1.127747,-0.978119,-0.949654,-0.436298,FALSE
5.828457,1.839146,-0.361309,0.066666,-0.179971,-0.131698,-0.75878,1.177198,1.575609,1.209217,-1.540338,0.886932,1.96381,0.659182,0.197249,-0.043733,-0.583265,FALSE
-3.091795,-0.210781,-1.667392,2.169076,-0.573651,-0.227831,0.95463,2.395411,-0.558073,-1.16321,-0.653137,1.855321,-1.270343,0.913608,0.124237,-0.280812,0.638612,_TRUE
0.547519,-0.778657,-2.02921,0.699438,-0.499018,0.030765,1.753321,0.312868,0.992576,0.392843,0.637639,0.706466,-1.150704,0.783514,-0.069102,0.010481,-0.01073,_TRUE
-0.460595,0.139509,-2.470981,1.388739,-1.136673,-0.463249,1.550233,2.702298,-1.546084,-0.72201,-0.543935,1.128296,-0.957623,0.110948,0.16472,0.030496,0.606598,_TRUE
2.046946,2.132943,-0.14687,-0.26261,-0.864087,0.623851,1.610904,-0.357475,1.871329,1.419581,-0.100391,0.190371,-0.254131,0.37353,0.624412,-0.551408,-1.136482,_TRUE
1.608747,-0.578177,-0.332272,1.01357,0.090091,0.271184,-0.357623,1.417027,-0.000747,0.469444,0.832386,0.485504,-0.665972,0.583686,-0.215577,0.291126,0.085694,_TRUE
3.342674,1.889387,0.20613,-0.820207,-0.381494,0.474064,0.986823,-1.293766,0.941446,-0.58339,0.378373,-0.382006,-1.193715,-0.002183,0.314001,-0.004539,-1.28401,FALSE
1.100332,1.692304,1.611549,0.167338,1.579635,0.746919,0.028182,0.593029,0.224942,0.066403,0.5228,0.717874,-0.027117,1.842854,-0.487819,-0.449383,0.05325,_TRUE
-0.21003,-1.997892,1.530243,-0.505553,0.145554,-0.746416,-1.023974,1.664356,-0.065842,0.54166,1.151524,-0.389827,-0.451388,0.276748,0.349784,-0.221011,0.237298,_TRUE
1.357953,-0.797579,0.658841,-0.040735,0.527295,0.082717,-0.92384,1.075593,-0.16628,0.560701,1.035221,-0.227621,-0.335768,1.332344,-0.217884,-0.341267,0.860084,_TRUE
1.747017,2.288831,1.96827,-0.877365,0.776408,0.63294,-0.176451,0.584787,-0.461416,0.066129,0.621626,0.439825,-0.895906,-0.446384,0.167998,0.777062,-0.082632,FALSE
3.002154,2.231174,1.589152,-1.488073,0.593849,0.847113,1.344804,-2.427873,-0.099559,0.451245,0.644308,-0.585839,-0.908066,-0.160866,-0.205057,-0.772175,-0.422616,FALSE
5.482968,1.752652,0.069388,-0.372738,0.007198,0.282882,0.032161,-0.060167,1.656756,1.372159,-1.209404,0.39066,2.107372,1.417302,0.107434,-0.724816,-0.725991,FALSE
5.753691,1.514587,-0.169856,-0.720378,0.273693,0.234002,0.320075,-1.754497,0.649726,0.336757,-0.9202,0.622719,0.586028,-0.724738,0.17602,0.001742,-0.94456,FALSE
-15.819241,0.025351,3.840016,-2.881192,-0.372246,-7.94319,-2.503635,-0.322944,3.394069,1.182764,0.664334,0.673635,1.102821,-1.380366,-0.000598,1.511374,-0.49247,_TRUE
-16.71505,-0.483979,7.126657,-4.389238,-3.224839,1.118011,-3.877813,1.078526,3.653661,1.156921,-1.357143,-0.592532,-1.820715,0.027363,-0.828541,-1.286392,2.777422,FALSE
-3.69418,1.543794,1.106572,-1.709428,-1.327476,-1.124182,0.947596,1.065251,-1.282881,-0.884939,-0.307815,0.19758,-0.876522,-1.191696,0.714955,-0.389541,-0.341699,_TRUE
-1.930239,-1.063459,0.878426,-0.187201,-1.089648,0.15321,0.038209,-0.119051,0.499112,0.511211,1.024161,0.098526,-1.107702,0.681226,0.168319,0.085852,0.469929,FALSE
-0.932941,1.731302,1.202284,-0.855929,-0.836232,0.085592,0.598041,0.533749,0.566508,-0.524722,0.422096,-0.133796,-0.625084,0.498195,-0.329974,1.006274,-0.73991,_TRUE
0.500604,2.352538,-0.059651,0.570526,-0.251943,-0.954112,0.453842,0.809856,0.102604,-1.759054,-0.143591,0.011728,0.014887,1.599082,-0.719531,1.732053,-0.271035,FALSE
-3.848203,1.415206,3.040087,1.223619,-1.243963,0.625704,0.473482,0.652465,0.750062,1.19118,-0.70877,0.697448,0.95039,0.589418,-0.141132,0.840075,-0.879049,FALSE
5.268861,-1.990538,-2.299536,1.100483,-2.286202,-0.296138,0.065978,-0.063227,0.701974,-3.165897,-0.839873,-1.669975,-0.634994,0.580988,-0.162834,0.414834,-1.298802,FALSE
5.703157,1.550198,-0.167301,-0.440872,0.009418,-0.273957,-0.727527,-0.33635,-0.841458,-1.174781,-1.697583,1.97763,-1.207955,-1.180725,1.196004,-0.198253,0.593712,FALSE
-4.390115,-0.778231,0.043544,2.983299,2.976658,-9.123381,-1.283129,0.16125,1.383688,0.927685,2.682756,-0.334059,-0.684333,-0.96758,1.752404,0.272885,0.067954,FALSE
0.205658,-0.964328,0.487128,0.539965,-0.528557,0.263281,0.298385,0.112353,-0.002324,0.370855,0.909488,0.314153,-0.506574,0.781037,0.498525,0.184206,-0.052847,FALSE
2.351398,1.84177,-0.653382,-1.252313,0.701633,-0.212106,0.848268,1.758064,1.126736,1.005385,-0.625664,0.246137,0.801302,0.295625,0.451958,-0.215362,-0.374837,FALSE
-0.578456,-12.780942,-0.853632,-1.886111,2.101237,0.494516,0.895821,1.552359,-2.006831,-0.731163,-1.376372,0.767081,1.038665,-1.182949,-0.389051,-0.790389,-1.795294,FALSE
-0.482724,1.413326,3.155124,-2.500612,0.728412,-0.144765,-0.93317,1.232133,-1.32518,0.463594,1.192033,-1.250894,-0.635245,-0.368594,-0.846028,-0.26614,0.668358,_TRUE
5.083832,2.194944,0.21521,-1.097655,0.696441,-0.74693,-0.544134,-0.369087,-0.074358,-1.561094,-0.38629,-0.940107,0.845116,1.913157,-0.280729,0.572093,0.078254,FALSE
6.29587,-1.803304,-1.949015,1.12,-1.668841,-0.002366,-2.616146,-0.206601,-0.502297,0.29996,0.821619,-0.246861,0.189047,-0.364359,0.158816,0.09164,0.012797,FALSE
6.173025,-1.863713,-1.926563,0.905629,-1.194876,0.00742,-2.197959,-0.094997,-0.383644,0.295912,0.648273,0.011413,0.205907,-0.178435,0.042719,0.065952,-0.029475,FALSE
0.150655,-0.923173,-4.531725,1.276523,-0.646272,0.03533,2.572171,1.245611,0.296111,0.583119,0.436652,-0.120999,-1.479683,0.083454,-1.273517,-0.164812,0.620889,_TRUE
-5.629789,0.566031,3.170094,1.966907,0.867398,2.507352,-1.80116,2.279854,-0.456372,0.833858,0.448059,-0.531084,-1.078689,-0.12766,-1.466299,-1.465663,-0.745197,_TRUE
-5.118011,-1.621253,2.988235,2.759282,0.474345,1.487326,-1.695596,2.271074,-1.448852,0.713194,0.537056,-0.074027,0.491765,-0.350526,-0.947805,1.353046,-0.48982,FALSE
4.566145,-0.841915,-2.0099,0.55647,-1.077991,0.010203,0.557219,-0.500102,1.242461,-0.270255,-0.42471,-0.453581,-0.677646,0.168202,-0.241345,0.276226,-0.103419,FALSE
1.192668,1.243655,1.528238,-1.643772,-0.25782,-0.192339,1.479255,-1.03835,0.223783,0.576212,0.297851,-0.020497,0.683089,1.372463,-0.527225,-0.440808,-0.3756,_TRUE
5.110027,-0.092386,-2.553038,1.490476,-1.58642,-0.837927,-0.233362,1.281625,0.189003,-1.507398,-1.7517,0.328334,-1.160645,-0.171491,-0.382204,-0.450734,0.826673,FALSE
-9.264958,-1.2016,7.697707,-2.103469,-2.471038,0.029071,1.129078,-3.068458,-0.457332,0.68266,-0.897503,-0.315638,0.110929,-0.905095,-4.544117,-0.546156,-0.525501,_TRUE
-1.634537,-1.964003,1.853232,1.633368,-1.09947,0.182532,-0.656315,0.548487,-1.532022,-0.255715,0.952322,2.213125,-0.20278,2.35443,-1.218884,0.71715,0.473029,_TRUE
3.077587,1.128139,-0.307913,0.222172,0.33155,-0.186023,0.227055,1.169328,-0.022683,0.463773,0.594546,0.19744,-0.153848,0.155808,0.029403,0.124671,-0.49671,_TRUE
5.585135,-0.362294,-2.69695,1.361139,-1.902935,-0.913649,-0.606962,1.129143,0.082258,-1.548361,-1.947621,-0.08162,-0.409635,-0.435239,-0.29941,-0.464502,0.637261,FALSE
3.590038,-1.163673,-0.853756,-0.147923,-1.039933,-0.176814,0.380559,-0.241162,-0.240619,0.655032,0.733962,0.126925,0.169832,0.203417,0.206325,0.576729,-0.18469,_TRUE
3.869296,-4.210051,-1.492571,-0.477839,1.242929,-0.011857,0.226536,-0.229289,-0.513277,0.48397,1.089247,-0.638915,0.35443,0.672193,-0.608838,-1.469914,-1.026369,FALSE
5.188011,2.815075,0.453812,-1.006567,1.099413,0.121116,-0.358557,-0.962639,-0.482094,-0.106903,0.306892,1.045609,-0.578675,-0.036489,-0.155628,0.640698,0.24642,FALSE
5.435679,-1.702852,-1.787148,1.051266,-1.053593,-0.066506,-1.595586,1.071684,-0.410135,0.762244,-0.265994,-0.823496,1.277316,-1.004106,0.365764,0.687236,0.085474,FALSE
5.852457,-2.087936,-2.249079,1.174781,-2.584707,-0.346147,-1.084986,-0.613216,-0.572318,-0.460634,-0.664239,-0.129846,-0.085738,-1.101156,0.185121,-1.244922,-0.44866,FALSE
6.136606,-0.458001,-1.746421,1.191459,-1.83186,-0.106914,-2.239415,0.155026,0.090908,0.570876,0.056357,-0.242504,0.594339,-0.440293,0.196735,0.415764,0.37605,FALSE
5.852879,2.905474,0.051317,-0.529905,0.205831,-0.407966,-0.463925,-0.112611,-0.738522,-0.926135,-1.709944,1.61516,-0.669423,-0.813676,0.950074,-0.691533,0.194834,FALSE
5.725118,-2.58157,-2.158319,0.921083,-1.778458,-0.09217,-0.837859,-0.72971,-0.419711,-0.047357,-0.087002,0.022082,-0.326672,-0.751108,0.114781,-0.779644,-0.376708,FALSE
6.20566,-0.738061,-1.30135,0.099012,-0.141594,0.000848,-2.031393,-0.173053,-0.073066,0.597883,-0.178732,-0.585513,1.6468,0.915891,-0.404578,-0.468252,0.659848,FALSE
6.444669,-0.494094,-1.543834,0.644269,-1.012483,-0.040703,-2.55448,-0.192891,-0.080494,0.667536,0.050585,-0.749168,1.475573,0.810079,-0.322119,-0.343117,0.828183,FALSE
6.22051,-1.755538,-2.308664,1.319109,-1.785154,-0.184576,-2.205415,-0.408632,-0.045411,-0.649167,0.415555,-1.157048,0.065817,-0.105379,-0.442638,0.39727,0.140633,FALSE
5.9381,1.912997,0.281853,-1.381953,1.329642,0.516862,-0.268433,-2.187853,-0.333441,0.103672,-0.088495,0.490375,-0.073306,0.195326,0.412859,0.15292,0.505014,FALSE
5.591061,-2.157199,-2.570025,1.640513,-3.237782,-0.062944,0.403677,-2.968368,0.609736,0.774455,-0.135561,-1.545945,0.126999,-1.503553,-1.327525,-0.378596,0.122211,FALSE
6.078845,2.766978,0.182188,-1.378765,0.851437,0.613289,0.875657,-4.27695,-0.385708,0.027068,-0.021777,-0.090933,-0.471515,-0.629671,0.130863,-0.072676,0.255232,FALSE
6.169476,-1.747449,-2.413386,1.350301,-1.783084,-0.168794,-1.991918,-0.505751,-0.286303,0.342017,0.553232,-0.634123,0.103361,-0.517612,-0.485437,-0.028299,0.558662,FALSE
6.364651,2.900965,-0.071579,-0.861697,1.21392,0.215255,-0.636295,-2.146661,-0.829328,-0.603802,-0.092019,1.14978,-0.957539,-1.146174,0.42559,0.940839,0.660044,FALSE